15
28
98
8
56
98
11
78
22
32
14
53
10
33
67
51
87
45
42
15
64
26
14
61
99
45
41
24
82
57
31
1
64
89
65
37
62
98
99
91
70
4
97
15
18
98
16
91
96
85
72
70
88
76
44
75
52
56
42
23
78
71
47
41
71
27
42
53
62
6
90
85
27
33
41
37
81
26
49
13
17
17
10
5
94
96
88
21
66
96
25
58
53
81
89
86
50
95
98
14
74
4
75
11
73
2
47
42
10
40
20
27
89
63
83
14
13
67
88
71
71
11
58
72
35
8
45
73
94
57
87
93
96
53
19
11
43
44
90
15
26
8
64
97
32
22
39
62
47
73
67
79
57
78
5
37
91
28
30
28
72
78
9
19
48
95
7
53
13
49
92
6
28
64
16
75
46
86
42
61
93
30
74
56
91
96
47
87
84
71
43
80
50
99
97
90
97
21
42
79
18
49
73
51
46
32
80
52
31
37
39
56
77
92
16
43
34
94
47
75
17
83
56
21
2
90
39
24
87
23
94
11
3
59
44
91
83
72
19
61
32
13
77
73
83
40
100
45
21
14
9
93
19
7
22
61
37
88
56
41
4
86
3
75
67
36
5
94
99
45
68
73
57
85
95
61
69
17
9
11
51
68
52
19
89
97
14
58
47
46
56
87
80
83
55
100
33
77
34
27
54
7
86
16
58
32
59
9
91
72
12
40
28
33
31
100
76
15
25
68
55
37
68
60
3
55
27
5
45
68
26
34
36
38
61
11
38
77
81
20
71
43
76
64
70
49
13
24
88
47
8
33
79
61
10
97
64
95
38
62
21
13
9
55
75
86
93
4
8
86
100
41
3
21
3
62
81
54
79
7
43
92
35
40
73
74
65
85
95
8
57
2
18
53
3
56
77
90
75
22
33
86
13
55
31
95
20
85
5
10
3
83
69
8
55
21
29
14
3
6
30
67
86
19
41
59
45
6
13
20
54
39
93
68
42
84
74
55
39
76
77
50
59
51
68
96
89
54
98
77
50
15
16
5
87
9
50
90
71
24
32
70
20
30
38
87
9
40
65
3
13
33
20
59
53
67
52
97
86
2
79
98
1
35
48
81
55
51
12
96
89
83
55
44
29
82
3
6
12
94
88
13
32
20
73
40
11
74
75
27
89
22
52
45
73
60
26
48
1
81
58
82
53
5
66
96
56
75
4
45
75
18
52
55
72
63
62
50
54
16
34
21
37
2
82
37
93
60
56
80
49
41
52
7
66
58
76
68
40
59
49
26
47
40
66
33
91
16
50
78
1
11
84
20
99
97
30
60
68
25
98
36
69
29
43
72
17
55
13
55
64
54
28
32
52
96
90
25
81
83
48
23
99
64
5
57
95
81
15
88
1
15
34
64
45
86
75
83
33
30
25
23
62
46
81
47
69
78
69
49
98
11
46
11
28
87
34
86
63
37
60
18
7
14
38
23
16
52
72
79
64
18
23
34
86
44
77
77
7
39
93
21
23
48
17
31
93
58
8
4
78
16
34
88
90
47
92
76
36
49
30
92
90
24
16
9
82
53
41
42
70
93
9
12
87
69
50
6
2
6
67
11
13
64
35
91
34
22
87
21
27
67
25
54
46
75
80
22
23
54
4
8
82
30
84
25
21
39
67
74
26
92
77
72
75
46
51
98
63
6
65
93
18
35
90
73
68
52
84
65
74
7
16
84
5
48
13
84
73
8
47
78
42
45
82
89
88
77
3
2
36
22
89
68
74
57
61
47
90
73
37
17
55
6
39
71
87
71
74
87
98
37
91
49
81
8
84
67
59
8
94
12
18
42
62
35
2
50
13
70
90
60
86
78
66
66
48
63
73
53
11
97
75
80
36
67
26
17
75
46
94
18
79
44
55
83
95
49
13
21
4
10
83
70
63
66
55
22
19
86
63
26
93
11
35
87
16
36
52
89
72
89
99
43
39
10
92
6
5
91
17
87
94
8
89
21
79
88
63
91
77
80
64
50
90
20
8
1
19
58
92
26
52
75
86
7
25
67
76
84
92
79
52
30
22
20
69
31
4
82
5
58
64
84
4
41
91
76
29
11
74
42
67
43
21
57
97
48
79
15
58
25
86
93
47
90
54
2
82
12
4
99
45
17
27
28
7
66
13
8
83
40
79
24
83
5
84
87
23
6
11
43
20
46
79
65
26
8
82
77
4
35
74
27
16
75
12
34
27
99
39
4
1
6
17
46
81
68
69
11
14
64
99
94
51
14
13
13
43
24