54
64
55
16
26
34
89
3
44
62
33
30
9
26
43
32
23
57
78
47
70
96
91
91
53
72
51
58
36
73
99
75
84
62
11
73
12
55
17
23
26
36
83
47
23
52
57
53
23
100
41
100
9
22
47
44
46
80
36
94
75
99
50
44
1
35
5
15
75
70
60
2
18
36
46
27
11
86
14
58
5
79
30
11
51
60
46
61
95
4
20
20
74
79
17
1
100
73
63
99
13
62
90
22
93
5
89
91
73
21
22
40
23
4
66
1
81
44
40
9
32
6
95
47
31
100
16
27
76
24
78
42
19
73
22
34
25
92
7
54
81
48
18
20
78
9
67
64
83
37
55
17
28
4
27
16
72
49
75
93
46
64
31
2
44
63
26
41
55
79
23
33
89
42
81
43
64
23
12
24
75
67
50
39
22
22
48
17
86
18
28
37
38
91
23
92
58
45
41
53
57
39
8
40
73
70
79
23
46
41
45
40
39
99
30
66
67
44
39
14
95
61
95
45
14
99
6
55
39
99
51
69
93
81
42
91
86
6
87
44
22
44
39
82
31
53
78
20
51
94
91
96
60
4
19
98
60
10
32
57
16
46
81
91
2
28
83
64
86
87
94
2
50
55
2
27
3
20
33
7
47
34
56
70
98
10
66
31
13
47
36
40
29
46
93
73
35
16
9
6
67
10
59
27
100
88
9
38
73
73
31
75
43
90
97
62
39
92
27
45
8
24
2
16
11
21
19
54
79
60
39
42
30
62
70
27
36
50
50
16
23
5
47
58
53
2
39
83
32
33
38
35
1
25
40
3
90
21
77
69
63
20
46
54
66
53
43
98
81
24
71
16
67
70
91
80
54
5
68
55
14
44
84
22
65
23
8
57
91
55
22
2
54
99
16
22
11
34
23
7
18
25
40
45
69
71
83
40
26
82
87
37
98
9
22
74
22
65
24
19
27
52
40
3
55
90
96
16
57
72
84
54
100
74
37
99
43
29
5
24
65
74
76
76
81
26
2
55
62
77
23
5
88
87
12
98
90
57
1
3
49
45
89
8
45
1
43
33
80
78
84
12
33
26
93
84
88
42
39
17
48
84
87
75
18
68
66
35
97
3
65
92
5
24
36
73
99
46
69
63
48
73
23
64
63
20
92
19
27
12
21
48
45
29
61
7
65
72
99
51
78
72
54
66
36
3
29
3
4
67
60
43
72
81
61
40
90
84
12
47
10
63
5
13
39
9
71
80
49
75
21
98
38
35
44
22
98
31
42
70
53
54
35
1
48
32
42
9
2
58
90
10
18
81
93
80
76
12
29
12
78
82
15
62
86
71
13
32
53
35
81
84
82
11
92
67
97
73
43
91
68
34
48
33
57
7
10
56
41
58
52
32
27
58
89
2
39
89
67
59
72
22
77
94
23
63
66
48
26
87
35
5
55
79
96
7
81
10
75
8
23
9
89
62
75
43
67
70
76
28
17
70
63
98
70
20
46
87
14
24
20
98
7
69
24
3
51
7
27
2
58
95
6
52
17
18
82
32
54
45
1
100
11
79
37
81
60
49
80
81
55
22
96
53
84
27
46
14
25
11
54
51
5
72
24
100
15
5
77
68
33
24
93
56
36
46
30
61
33
69
84
69
24
74
76
10
34
48
49
85
36
82
20
78
15
52
12
60
10
15
43
10
42
23
64
10
85
65
14
52
72
43
62
39
25
1
21
13
82
70
44
95
14
3
39
9
25
74
40
59
59
89
67
47
54
77
71
62
67
33
95
59
4
48
33
48
86
37
23
91
90
34
24
15
15
90
7
62
63
20
41
99
83
82
35
21
60
67
54
100
80
55
37
89
70
36
13
96
53
90
67
81
43
38
31
82
66
60
47
91
44
28
98
4
66
42
23
2
73
56
67
87
96
19
25
16
64
73
63
58
78
67
4
87
5
11
84
97
94
40
97
58
52
21
27
2
87
96
86
43
93
57
18
46
70
85
100
16
77
32
80
48
32
30
1
47
42
51
62
62
62
38
90
59
59
66
90
92
10
92
52
29
97
45
13
48
94
94
51
1
34
61
63
34
6
19
12
47
33
64
69
25
31
81
84
73
37
50
39
22
96
49
64
58
75
1
37
49
80
86
27
92
65
4
93
57
54
22
31
74
70
83
72
28
89
73
40
17
89
43
75
17
69
76
2
70
4
75
42
55
48
74
57
17
14
36
65
82
85
76
83
42
21
30
59
94
4
98
63
91
74
72
18
50
19
11
93
64
24
4